0,471
0,321
33,26
34,14
57,3
56,4
37,12
34,13
33,25
0,400
0,470
0,384
37,7
0,380
46,13
63,4
37,13
37,11
37,10
46,9
46,6
46,5
37,4
37,3
66,4
108,9
108,7
108,6
108,4
108,3
0,367
0,447
0,458
0,446
0,320
0,346
0,342
45,7
45,4
33,24
33,23
0,405
98,3
46,8
45,3
86,3
86,8
86,7
86,5
33,22
33,21
33,20
92,3
92,4
94,4
0,305
74,5
61,8
61,7
53,5
0,274
0,445
0,505
89,9
89,8
89,7
89,2
48,6
29,2
34,12
29,4
29,5
0,290
0,401
0,385
0,383
0,349
137,7
137,6
137,5
0,429
33,19
50,5
50,3
0,240
0,239
0,238
0,237
0,236
0,235
0,234
0,233
0,232
0,231
0,230
0,229
0,228
0,227
0,226
0,225
0,224
0,223
0,222
0,221
0,220
0,219
0,218
0,217
0,216
0,214
0,213
0,212
0,211
0,210
0,209
0,207
0,205
0,204
0,202
0,198
0,196
0,195
0,194
0,193
0,192
0,63
0,61
0,60
0,54
0,51
0,50
0,49
0,48
0,46
0,6
0,52
33,18
33,17
0,269
33,16
33,15
33,14
33,13
33,12
0,398
33,11
0,382
135,4
0,375
0,372
14,15
33,10
33,9
33,8
0,361
33,7
33,6
33,5
0,354
34,11
34,10
34,9
34,8
34,7
14,6
34,6
34,5
36,4
36,3
36,2
36,1
36,0
34,4
34,3
34,2
34,1
34,0
70,4
70,3
70,2
70,1
70,0
38,4
38,3
38,2
38,1
38,0
33,4
33,3
33,2
33,1
33,0
137,4
137,3
137,2
137,1
137,0
97,4
97,3
97,2
97,1
97,0
74,4
74,3
74,2
74,1
74,0
84,4
84,3
84,2
84,1
84,0
0,507
0,506
0,425
0,421
0,444
0,443
135,5
0,409
0,215
135,3
138,3
138,4
0,498
0,310
0,414
0,299
56,3
89,3
0,292
49,3
0,412
0,434
53,2
0,325
31,2
0,408
0,370
0,403
0,208
0,340
0,206
0,203
0,201
0,200
0,199
0,197
0,62
0,59
0,438
0,58
0,57
0,56
0,55
0,436
0,53
0,47
0,45
14,13
47,2
0,407
51,2
31,4
31,3
47,5
47,4
47,3
51,3
0,348
0,344
0,318
